    39
A|2|AM0000  0.000  0.145  0.151  0.166  0.256  0.181  0.187  0.224  0.177  0.143  0.170  0.158  0.171  0.145  0.160  0.158  0.157  0.188  0.172  0.171  0.138  0.159  0.174  0.196  0.222  0.186  0.138  0.176  0.186  0.166  0.159  0.139  0.149  0.152  0.173  0.185  0.167  0.207  0.141  
A|0|AY5216  0.145  0.000  0.163  0.090  0.252  0.127  0.150  0.260  0.205  0.127  0.219  0.132  0.154  0.141  0.135  0.192  0.193  0.135  0.194  0.179  0.122  0.163  0.187  0.177  0.206  0.169  0.176  0.152  0.168  0.155  0.167  0.158  0.160  0.134  0.148  0.148  0.155  0.208  0.095  
G|26|AY586  0.151  0.163  0.000  0.196  0.219  0.173  0.125  0.173  0.134  0.136  0.144  0.104  0.134  0.104  0.136  0.142  0.141  0.187  0.125  0.143  0.140  0.143  0.151  0.181  0.192  0.144  0.186  0.151  0.132  0.145  0.147  0.115  0.130  0.158  0.152  0.129  0.130  0.132  0.172  
A|4|AY5216  0.166  0.090  0.196  0.000  0.271  0.125  0.172  0.290  0.237  0.153  0.240  0.167  0.193  0.175  0.173  0.211  0.223  0.148  0.227  0.197  0.149  0.182  0.194  0.176  0.230  0.180  0.189  0.170  0.197  0.197  0.188  0.186  0.191  0.158  0.155  0.181  0.178  0.238  0.131  
D|8|AY7733  0.256  0.252  0.219  0.271  0.000  0.254  0.203  0.247  0.231  0.228  0.228  0.236  0.237  0.229  0.243  0.230  0.241  0.262  0.207  0.219  0.239  0.222  0.228  0.217  0.122  0.201  0.307  0.212  0.191  0.213  0.277  0.213  0.268  0.230  0.203  0.210  0.223  0.221  0.249  
G|23|U8882  0.181  0.127  0.173  0.125  0.254  0.000  0.160  0.288  0.233  0.141  0.232  0.170  0.198  0.168  0.182  0.189  0.218  0.123  0.227  0.186  0.159  0.165  0.179  0.177  0.219  0.153  0.189  0.161  0.193  0.198  0.174  0.166  0.190  0.175  0.128  0.163  0.176  0.211  0.168  
G|27|AF423  0.187  0.150  0.125  0.172  0.203  0.160  0.000  0.215  0.181  0.137  0.202  0.122  0.144  0.147  0.162  0.185  0.178  0.174  0.163  0.153  0.151  0.172  0.158  0.188  0.162  0.127  0.223  0.141  0.123  0.169  0.184  0.161  0.184  0.158  0.133  0.114  0.139  0.148  0.184  
A|5|AM0000  0.224  0.260  0.173  0.290  0.247  0.288  0.215  0.000  0.151  0.217  0.173  0.193  0.168  0.204  0.244  0.182  0.178  0.297  0.152  0.220  0.232  0.229  0.212  0.253  0.238  0.210  0.241  0.221  0.198  0.229  0.225  0.187  0.220  0.249  0.239  0.228  0.222  0.180  0.243  
D|10|AY322  0.177  0.205  0.134  0.237  0.231  0.233  0.181  0.151  0.000  0.170  0.148  0.149  0.150  0.139  0.161  0.162  0.131  0.246  0.137  0.184  0.162  0.154  0.193  0.230  0.212  0.204  0.187  0.186  0.180  0.168  0.167  0.146  0.150  0.180  0.196  0.180  0.170  0.159  0.197  
G|30|EU786  0.143  0.127  0.136  0.153  0.228  0.141  0.137  0.217  0.170  0.000  0.178  0.140  0.144  0.114  0.142  0.154  0.161  0.136  0.145  0.158  0.112  0.134  0.161  0.158  0.189  0.141  0.181  0.122  0.147  0.140  0.162  0.135  0.147  0.138  0.127  0.133  0.139  0.168  0.146  
B|31|AF004  0.170  0.219  0.144  0.240  0.228  0.232  0.202  0.173  0.148  0.178  0.000  0.163  0.181  0.139  0.196  0.110  0.160  0.258  0.117  0.149  0.170  0.161  0.147  0.184  0.192  0.185  0.204  0.174  0.166  0.188  0.202  0.120  0.175  0.203  0.182  0.200  0.165  0.161  0.209  
C|22|EU786  0.158  0.132  0.104  0.167  0.236  0.170  0.122  0.193  0.149  0.140  0.163  0.000  0.130  0.103  0.126  0.141  0.151  0.196  0.141  0.151  0.144  0.157  0.141  0.168  0.182  0.138  0.183  0.141  0.121  0.160  0.165  0.124  0.137  0.149  0.143  0.117  0.122  0.143  0.151  
A|6|DQ3964  0.171  0.154  0.134  0.193  0.237  0.198  0.144  0.168  0.150  0.144  0.181  0.130  0.000  0.139  0.155  0.165  0.156  0.212  0.131  0.171  0.158  0.176  0.179  0.198  0.194  0.179  0.196  0.166  0.145  0.153  0.159  0.164  0.166  0.165  0.156  0.158  0.170  0.158  0.158  
C|21|DQ369  0.145  0.141  0.104  0.175  0.229  0.168  0.147  0.204  0.139  0.114  0.139  0.103  0.139  0.000  0.108  0.127  0.139  0.181  0.116  0.128  0.134  0.125  0.142  0.153  0.182  0.153  0.189  0.129  0.129  0.146  0.168  0.110  0.121  0.150  0.143  0.131  0.120  0.125  0.148  
C|16|AY713  0.160  0.135  0.136  0.173  0.243  0.182  0.162  0.244  0.161  0.142  0.196  0.126  0.155  0.108  0.000  0.190  0.172  0.173  0.169  0.172  0.147  0.133  0.198  0.184  0.204  0.188  0.194  0.162  0.156  0.130  0.180  0.162  0.124  0.155  0.165  0.134  0.126  0.181  0.144  
B|32|AF042  0.158  0.192  0.142  0.211  0.230  0.189  0.185  0.182  0.162  0.154  0.110  0.141  0.165  0.127  0.190  0.000  0.156  0.233  0.136  0.153  0.162  0.167  0.120  0.168  0.187  0.154  0.175  0.150  0.168  0.189  0.172  0.087  0.169  0.182  0.146  0.180  0.171  0.157  0.182  
D|12|AJ488  0.157  0.193  0.141  0.223  0.241  0.218  0.178  0.178  0.131  0.161  0.160  0.151  0.156  0.139  0.172  0.156  0.000  0.221  0.133  0.172  0.169  0.174  0.183  0.201  0.213  0.174  0.190  0.156  0.166  0.152  0.182  0.152  0.158  0.139  0.188  0.183  0.148  0.172  0.178  
G|28|AY371  0.188  0.135  0.187  0.148  0.262  0.123  0.174  0.297  0.246  0.136  0.258  0.196  0.212  0.181  0.173  0.233  0.221  0.000  0.236  0.203  0.156  0.182  0.211  0.195  0.228  0.180  0.219  0.177  0.203  0.175  0.191  0.195  0.205  0.167  0.171  0.168  0.176  0.239  0.173  
B|33|AF256  0.172  0.194  0.125  0.227  0.207  0.227  0.163  0.152  0.137  0.145  0.117  0.141  0.131  0.116  0.169  0.136  0.133  0.236  0.000  0.131  0.172  0.153  0.146  0.162  0.169  0.163  0.226  0.143  0.120  0.157  0.208  0.133  0.164  0.173  0.164  0.164  0.138  0.118  0.189  
B|35|AF042  0.171  0.179  0.143  0.197  0.219  0.186  0.153  0.220  0.184  0.158  0.149  0.151  0.171  0.128  0.172  0.153  0.172  0.203  0.131  0.000  0.180  0.130  0.108  0.160  0.180  0.135  0.219  0.151  0.127  0.174  0.199  0.141  0.180  0.172  0.143  0.171  0.148  0.152  0.197  
D|9|EF6334  0.138  0.122  0.140  0.149  0.239  0.159  0.151  0.232  0.162  0.112  0.170  0.144  0.158  0.134  0.147  0.162  0.169  0.156  0.172  0.180  0.000  0.154  0.184  0.191  0.197  0.177  0.166  0.153  0.178  0.137  0.146  0.140  0.145  0.128  0.158  0.152  0.148  0.200  0.143  
B|38|EU786  0.159  0.163  0.143  0.182  0.222  0.165  0.172  0.229  0.154  0.134  0.161  0.157  0.176  0.125  0.133  0.167  0.174  0.182  0.153  0.130  0.154  0.000  0.168  0.163  0.191  0.160  0.193  0.163  0.154  0.152  0.186  0.147  0.140  0.174  0.136  0.164  0.127  0.166  0.168  
B|37|AB287  0.174  0.187  0.151  0.194  0.228  0.179  0.158  0.212  0.193  0.161  0.147  0.141  0.179  0.142  0.198  0.120  0.183  0.211  0.146  0.108  0.184  0.168  0.000  0.155  0.177  0.131  0.205  0.152  0.141  0.202  0.201  0.117  0.194  0.186  0.140  0.174  0.161  0.148  0.201  
B|36|AB428  0.196  0.177  0.181  0.176  0.217  0.177  0.188  0.253  0.230  0.158  0.184  0.168  0.198  0.153  0.184  0.168  0.201  0.195  0.162  0.160  0.191  0.163  0.155  0.000  0.169  0.135  0.244  0.141  0.137  0.191  0.240  0.161  0.201  0.185  0.144  0.166  0.146  0.187  0.186  
D|7|AY7733  0.222  0.206  0.192  0.230  0.122  0.219  0.162  0.238  0.212  0.189  0.192  0.182  0.194  0.182  0.204  0.187  0.213  0.228  0.169  0.180  0.197  0.191  0.177  0.169  0.000  0.169  0.278  0.171  0.144  0.185  0.256  0.180  0.239  0.193  0.148  0.163  0.173  0.178  0.215  
G|25|AY772  0.186  0.169  0.144  0.180  0.201  0.153  0.127  0.210  0.204  0.141  0.185  0.138  0.179  0.153  0.188  0.154  0.174  0.180  0.163  0.135  0.177  0.160  0.131  0.135  0.169  0.000  0.216  0.129  0.116  0.175  0.205  0.143  0.186  0.166  0.126  0.150  0.142  0.163  0.183  
A|1|AM0000  0.138  0.176  0.186  0.189  0.307  0.189  0.223  0.241  0.187  0.181  0.204  0.183  0.196  0.189  0.194  0.175  0.190  0.219  0.226  0.219  0.166  0.193  0.205  0.244  0.278  0.216  0.000  0.205  0.245  0.206  0.150  0.162  0.163  0.194  0.216  0.225  0.205  0.246  0.167  
D|11|AF484  0.176  0.152  0.151  0.170  0.212  0.161  0.141  0.221  0.186  0.122  0.174  0.141  0.166  0.129  0.162  0.150  0.156  0.177  0.143  0.151  0.153  0.163  0.152  0.141  0.171  0.129  0.205  0.000  0.145  0.144  0.207  0.137  0.148  0.142  0.144  0.141  0.107  0.157  0.145  
C|19|EF514  0.186  0.168  0.132  0.197  0.191  0.193  0.123  0.198  0.180  0.147  0.166  0.121  0.145  0.129  0.156  0.168  0.166  0.203  0.120  0.127  0.178  0.154  0.141  0.137  0.144  0.116  0.245  0.145  0.000  0.162  0.218  0.153  0.177  0.169  0.132  0.117  0.125  0.127  0.183  
D|13|AY371  0.166  0.155  0.145  0.197  0.213  0.198  0.169  0.229  0.168  0.140  0.188  0.160  0.153  0.146  0.130  0.189  0.152  0.175  0.157  0.174  0.137  0.152  0.202  0.191  0.185  0.175  0.206  0.144  0.162  0.000  0.187  0.172  0.139  0.119  0.163  0.157  0.136  0.191  0.150  
G|29|AB231  0.159  0.167  0.147  0.188  0.277  0.174  0.184  0.225  0.167  0.162  0.202  0.165  0.159  0.168  0.180  0.172  0.182  0.191  0.208  0.199  0.146  0.186  0.201  0.240  0.256  0.205  0.150  0.207  0.218  0.187  0.000  0.152  0.174  0.182  0.192  0.192  0.213  0.227  0.187  
B|34|AF086  0.139  0.158  0.115  0.186  0.213  0.166  0.161  0.187  0.146  0.135  0.120  0.124  0.164  0.110  0.162  0.087  0.152  0.195  0.133  0.141  0.140  0.147  0.117  0.161  0.180  0.143  0.162  0.137  0.153  0.172  0.152  0.000  0.144  0.160  0.150  0.146  0.145  0.152  0.159  
C|20|DQ207  0.149  0.160  0.130  0.191  0.268  0.190  0.184  0.220  0.150  0.147  0.175  0.137  0.166  0.121  0.124  0.169  0.158  0.205  0.164  0.180  0.145  0.140  0.194  0.201  0.239  0.186  0.163  0.148  0.177  0.139  0.174  0.144  0.000  0.165  0.187  0.158  0.128  0.165  0.140  
D|14|AY795  0.152  0.134  0.158  0.158  0.230  0.175  0.158  0.249  0.180  0.138  0.203  0.149  0.165  0.150  0.155  0.182  0.139  0.167  0.173  0.172  0.128  0.174  0.186  0.185  0.193  0.166  0.194  0.142  0.169  0.119  0.182  0.160  0.165  0.000  0.156  0.161  0.152  0.209  0.142  
G|24|AF061  0.173  0.148  0.152  0.155  0.203  0.128  0.133  0.239  0.196  0.127  0.182  0.143  0.156  0.143  0.165  0.146  0.188  0.171  0.164  0.143  0.158  0.136  0.140  0.144  0.148  0.126  0.216  0.144  0.132  0.163  0.192  0.150  0.187  0.156  0.000  0.143  0.148  0.159  0.172  
C|18|AY255  0.185  0.148  0.129  0.181  0.210  0.163  0.114  0.228  0.180  0.133  0.200  0.117  0.158  0.131  0.134  0.180  0.183  0.168  0.164  0.171  0.152  0.164  0.174  0.166  0.163  0.150  0.225  0.141  0.117  0.157  0.192  0.146  0.158  0.161  0.143  0.000  0.122  0.151  0.175  
C|17|AY713  0.167  0.155  0.130  0.178  0.223  0.176  0.139  0.222  0.170  0.139  0.165  0.122  0.170  0.120  0.126  0.171  0.148  0.176  0.138  0.148  0.148  0.127  0.161  0.146  0.173  0.142  0.205  0.107  0.125  0.136  0.213  0.145  0.128  0.152  0.148  0.122  0.000  0.147  0.151  
C|15|U4601  0.207  0.208  0.132  0.238  0.221  0.211  0.148  0.180  0.159  0.168  0.161  0.143  0.158  0.125  0.181  0.157  0.172  0.239  0.118  0.152  0.200  0.166  0.148  0.187  0.178  0.163  0.246  0.157  0.127  0.191  0.227  0.152  0.165  0.209  0.159  0.151  0.147  0.000  0.215  
A|3|AY5216  0.141  0.095  0.172  0.131  0.249  0.168  0.184  0.243  0.197  0.146  0.209  0.151  0.158  0.148  0.144  0.182  0.178  0.173  0.189  0.197  0.143  0.168  0.201  0.186  0.215  0.183  0.167  0.145  0.183  0.150  0.187  0.159  0.140  0.142  0.172  0.175  0.151  0.215  0.000  
